00010000000000000000000000000000000000000000000000000000000000000000000000001000
01110000000000000000000000000000000000000000000000000000000000000000000000001110
01000000000000000000000000000000000000000000000000000000000000000000000000000010
11000000000000000000000000000000000000000000000000000000000000000000000000000011
00000000000000000000000000000000000000000000000000000000000000000000000000000000
00000000000000000000000000000000000000000000000000000000000000000000000000000000
00000000000000000000000000000000000000000000000000000000000000000000000000000000
00000000000000000000000000000000000000000000000000000000000000000000000000000000
00000000000000000000000000000000000000000000000000000000000000000000000000000000
00000000000000000000000000000000000000000000000000000000000000000000000000000000
00000000000000000000000000000000000000000000000000000000000000000000000000000000
00000000000000000000000000000000000000000000000000000000000000000000000000000000
00000000000000000000000000000000000000000000000000000000000000000000000000000000
00000000000000000000000000000000000000000000000000000000000000000000000000000000
00000000000000000000000000000000000000000000000000000000000000000000000000000000
00000000000000000000000000000000000000000000000000000000000000000000000000000000
00000000000000000000000000000000000000000000000000000000000000000000000000000000
00000000000000000000000000000000000000000000000000000000000000000000000000000000
00000000000000000000000000000000000000000000000000000000000000000000000000000000
00000000000000000000000000000000000000000000000000000000000000000000000000000000
00000000000000000000000000000000000000000000000000000000000000000000000000000000
11000000000000000000000000000000000000000000000000000000000000000000000000000011
01000000000000000000000000000000000000000000000000000000000000000000000000000010
01110000000000000000000000000000000000000000000000000000000000000000000000001110
00010000000000000000000000000000000000000000000000000000000000000000000000001000
