01100000000000000000000000000000000000000000000000000000000000000000000000000000
10010000000000000000000000000000000000000000000000000000000000000000000000000000
01100000110001100001100000000000000000000000000000000000000000000000000000000000
00000000101001010001010000000000000000000000000000000000000000000000000000000000
00000000011000101000101000000000000000000000000000000000000000000100000000000000
00000000000000011000010100000000000000000000000000000000000000010100000000000000
00000000000000000000001100000000000000000000000000000110000001100000000000011000
00000001000000000000000000000000000000000000000000001000100001100000000000011000
00000010100000000000000000000000000000000110000000010000010001100000000000000000
00000001000000110000000000000000000000000110000000010001011000010100000000000000
00000000000000110000000000000000000000000000000000010000010000000100000000000000
00000000000000000000000000000000000000000000000000001000100000000000000000000000
00000000000000000000000000000000000000000000000000000110000000000000000000000000
00000000000000000000000000000000000000000000000000000000000000000000000000000000
00000000000000000000000000000000000000000000000000000000000000000000000000000000
00000000000000000000000000000000000000000000000000000000000000000000000000000000
00000000000000000000000000000000000000000000000000000000000000000000000000000000
00000000000000000000000000000000000000000000000000000000000000000000000000000000
00000000000000000000000000000000000000000000000000000000000000000000000000000000
00000000000000000000000000000000000000000000000000000000000000000000000000000000
00000000000000000000000000000000000000000000000000000000000000000000000000000000
00000000000000000000000000000000000000000000000000000000000000000000000000000000
00000000000000000000000000000000000000000000000000000000000000000000000000000000
00000000000000000000000000000000000000000000000000000000000000000000000000000000
00000000000000000000000000000000000000000000000000000000000000000000000000000000